[    14]
 [    74]
 [   130]
 [   135]
 [   228]
 [   394]
 [   438]
 [  1228]
 [  2180]
 [  2297]
 [  3734]
 [  3874]
 [  3878]
 [  4082]
 [  4381]
 [  6884]
 [  6963]
 [  7635]
 [  8041]
 [ 11626]
 [ 11752]
 [ 11798]
 [ 12232]
 [ 12250]
 [ 12253]
 [ 12427]
 [ 12584]
 [ 12886]
 [ 13035]
 [ 13511]
 [ 13571]
 [ 19914]
 [ 20682]
 [ 20880]
 [ 21745]
 [ 21770]
 [ 21777]
 [ 22368]
 [ 22370]
 [ 23331]
 [ 23566]
 [ 23963]
 [ 24018]
 [ 24829]
 [ 36714]
 [ 37293]
 [ 38380]
 [ 38608]
 [ 38632]
 [ 38657]
 [ 38685]
 [ 38771]
 [ 39068]
 [ 39115]
 [ 39380]
 [ 40435]
 [ 40665]
 [ 40723]
 [ 40727]
 [ 40843]
 [ 41166]
 [ 41475]
 [ 41547]
 [ 41892]
 [ 42603]
 [ 42887]
 [ 43767]
 [ 45673]
 [ 62922]
 [ 65428]
 [ 67114]
 [ 68228]
 [ 68236]
 [ 68464]
 [ 68624]
 [ 68648]
 [ 68676]
 [ 68722]
 [ 68803]
 [ 68838]
 [ 69448]
 [ 69537]
 [ 70708]
 [ 72038]
 [ 72058]
 [ 72372]
 [ 72378]
 [ 72402]
 [ 72609]
 [ 73163]
 [ 73731]
 [ 73845]
 [ 74477]
 [ 75911]
 [ 76236]
 [ 76242]
 [ 77075]
 [ 77673]
 [ 77711]
 [ 77867]
 [ 78473]
 [ 82029]
 [110230]
 [111860]
 [111884]
 [116106]
 [116172]
 [117200]
 [119306]
 [119313]
 [121013]
 [121288]
 [121291]
 [121713]
 [121992]
 [122008]
 [122093]
 [122181]
 [122374]
 [122540]
 [123460]
 [123468]
 [124151]
 [125700]
 [127802]
 [128066]
 [128100]
 [128621]
 [128623]
 [129091]
 [130066]
 [131075]
 [131275]
 [131301]
 [132402]
 [132419]
 [132425]
 [138089]
 [138329]
 [138951]
 [139506]
 [143023]
 [144347]
 [150368]
 [198856]
 [204684]
 [206170]
 [206173]
 [206325]
 [206520]
 [206772]
 [206778]
 [208354]
 [208362]
 [209494]
 [210026]
 [212098]
 [215141]
 [215620]
 [215628]
 [215638]
 [215701]
 [216372]
 [216376]
 [216884]
 [216900]
 [216936]
 [216948]
 [217210]
 [217549]
 [217553]
 [219771]
 [219819]
 [220047]
 [221212]
 [221240]
 [221296]
 [223436]
 [223469]
 [226647]
 [227202]
 [227269]
 [227653]
 [227947]
 [228477]
 [228541]
 [228566]
 [228658]
 [228730]
 [228822]
 [228971]
 [233027]
 [233049]
 [233377]
 [233432]
 [235410]
 [235414]
 [238750]
 [240119]
 [243591]
 [245483]
 [245490]
 [246092]
 [247119]
 [247838]
 [261241]
 [267296]
 [273111]
 [352158]
 [353521]
 [353584]
 [353611]
 [363882]
 [365994]
 [366122]
 [366284]
 [366529]
 [367092]
 [370272]
 [370404]
 [372403]
 [372433]
 [372453]
 [372637]
 [373378]
 [377060]
 [382469]
 [383382]
 [384202]
 [384656]
 [385556]
 [385564]
 [385570]
 [385867]
 [385868]
 [386104]
 [386148]
 [386753]
 [390188]
 [390202]
 [392377]
 [393244]
 [393265]
 [393272]
 [393314]
 [393351]
 [393412]
 [395526]
 [397210]
 [397218]
 [397238]
 [402574]
 [402935]
 [404033]
 [404716]
 [404858]
 [405230]
 [406191]
 [406338]
 [406500]
 [406509]
 [406605]
 [406628]
 [407058]
 [407991]
 [411060]
 [411066]
 [411127]
 [414458]
 [414893]
 [414984]
 [415290]
 [416683]
 [418457]
 [418471]
 [418513]
 [418522]
 [418525]
 [424382]
 [425551]
 [425816]
 [426515]
 [426811]
 [426879]
 [428247]
 [428363]
 [428377]
 [433046]
 [436733]
 [440599]
 [440606]
 [440846]
 [447147]
 [452011]
 [452023]
 [456211]
 [460511]
 [460877]
 [472391]
 [475168]
 [475224]
 [475371]
 [511097]
 [527433]
 [596586]
 [596714]
 [619448]
 [620308]
 [625066]
 [628432]
 [628456]
 [628481]
 [628593]
 [628641]
 [636298]
 [645402]
 [650882]
 [651162]
 [651170]
 [652344]
 [653491]
 [653546]
 [662049]
 [662138]
 [662465]
 [663780]
 [670412]
 [679941]
 [681516]
 [681610]
 [681620]
 [683018]
 [683025]
 [683212]
 [683808]
 [685444]
 [685457]
 [685459]
 [685515]
 [685978]
 [685985]
 [685986]
 [686404]
 [686422]
 [687502]
 [687575]
 [687606]
 [687887]
 [693666]
 [693676]
 [697465]
 [699060]
 [699066]
 [699120]
 [699137]
 [699144]
 [699396]
 [699403]
 [703189]
 [703788]
 [706148]
 [706228]
 [706234]
 [706266]
 [706269]
 [715684]
 [715695]
 [716311]
 [717884]
 [718070]
 [719492]
 [719548]
 [719746]
 [719758]
 [720357]
 [720422]
 [722246]
 [722669]
 [722742]
 [722888]
 [723190]
 [724933]
 [736459]
 [736474]
 [736477]
 [736499]
 [736630]
 [736811]
 [737586]
 [737754]
 [737757]
 [740769]
 [741251]
 [743922]
 [744036]
 [756285]
 [757000]
 [761460]
 [761815]
 [764206]
 [769850]
 [769858]
 [775869]
 [777756]
 [783289]
 [783298]
 [783847]
 [801962]
 [802569]
 [805496]
 [811041]
 [819333]
 [844740]
 [845175]
 [848587]
 [862478]
 [863163]
 [889817]
 [890045]
 [957225]
 [1045142]
 [1101047]
 [1102768]
 [1102769]
 [1112983]
 [1117160]
 [1117200]
 [1117224]
 [1117252]
 [1117298]
 [1117492]
 [1117926]
 [1120138]
 [1147418]
 [1154022]
 [1156714]
 [1156812]
 [1157122]
 [1157634]
 [1158411]
 [1158412]
 [1159254]
 [1159452]
 [1160282]
 [1160285]
 [1161761]
 [1161858]
 [1170112]
 [1170582]
 [1170604]
 [1170662]
 [1170741]
 [1172156]
 [1172380]
 [1176921]
 [1176974]
 [1177069]
 [1177275]
 [1177714]
 [1179946]
 [1191658]
 [1191834]
 [1191842]
 [1208629]
 [1208743]
 [1208805]
 [1210827]
 [1211508]
 [1211550]
 [1211678]
 [1211748]
 [1214176]
 [1214596]
 [1215512]
 [1218564]
 [1218571]
 [1218585]
 [1218593]
 [1218664]
 [1218784]
 [1219018]
 [1219532]
 [1219824]
 [1220244]
 [1220273]
 [1220305]
 [1221178]
 [1221228]
 [1221787]
 [1222190]
 [1222225]
 [1222301]
 [1222329]
 [1222354]
 [1223973]
 [1224022]
 [1233201]
 [1233381]
 [1235097]
 [1236043]
 [1239937]
 [1240102]
 [1242804]
 [1242810]
 [1242844]
 [1242869]
 [1243064]
 [1243065]
 [1243373]
 [1244684]
 [1244970]
 [1250113]
 [1255208]
 [1255368]
 [1255524]
 [1255565]
 [1272324]
 [1272331]
 [1273441]
 [1276232]
 [1277003]
 [1279037]
 [1279129]
 [1279206]
 [1279569]
 [1280634]
 [1280950]
 [1283718]
 [1284231]
 [1284741]
 [1284750]
 [1285096]
 [1285128]
 [1285142]
 [1285149]
 [1285565]
 [1285668]
 [1286293]
 [1286523]
 [1287579]
 [1288769]
 [1299367]
 [1306441]
 [1309242]
 [1309284]
 [1309291]
 [1309330]
 [1309891]
 [1311196]
 [1312490]
 [1316951]
 [1317065]
 [1317778]
 [1321795]
 [1321797]
 [1321802]
 [1322733]
 [1323641]
 [1339827]
 [1344951]
 [1345310]
 [1345777]
 [1347993]
 [1348719]
 [1349241]
 [1353843]
 [1354337]
 [1356069]
 [1357511]
 [1359328]
 [1368873]
 [1380277]
 [1381293]
 [1381591]
 [1381718]
 [1382640]
 [1387403]
 [1392419]
 [1392513]
 [1392529]
 [1392531]
 [1393486]
 [1393505]
 [1394451]
 [1394731]
 [1424863]
 [1425578]
 [1425895]
 [1455159]
 [1455436]
 [1455635]
 [1456647]
 [1467739]
 [1467823]
 [1469049]
 [1501568]
 [1501940]
 [1505001]
 [1582435]
 [1615319]
 [1952650]
 [1953514]
 [1955284]
 [1957736]
 [1957748]
 [1958868]
 [1960464]
 [1975500]
 [1978653]
 [1986056]
 [1986225]
 [1986306]
 [1986612]
 [1986941]
 [1987420]
 [2010986]
 [2011143]
 [2039834]
 [2043276]
 [2044491]
 [2044566]
 [2044604]
 [2045099]
 [2051498]
 [2051590]
 [2056298]
 [2056364]
 [2057105]
 [2057107]
 [2057962]
 [2059396]
 [2059468]
 [2060875]
 [2061688]
 [2061749]
 [2062682]
 [2062685]
 [2062722]
 [2062725]
 [2065336]
 [2079912]
 [2080196]
 [2081002]
 [2081073]
 [2081301]
 [2084228]
 [2092569]
 [2092792]
 [2092856]
 [2092867]
 [2092908]
 [2093713]
 [2093715]
 [2093743]
 [2093755]
 [2093758]
 [2097450]
 [2097674]
 [2097681]
 [2114179]
 [2117845]
 [2118500]
 [2118566]
 [2118602]
 [2118796]
 [2147085]
 [2148673]
 [2148933]
 [2148941]
 [2148986]
 [2152597]
 [2153741]
 [2153798]
 [2153847]
 [2154196]
 [2154221]
 [2154352]
 [2154842]
 [2154845]
 [2158376]
 [2158486]
 [2158532]
 [2158668]
 [2159242]
 [2159281]
 [2160904]
 [2160940]
 [2160984]
 [2161226]
 [2166300]
 [2166386]
 [2166513]
 [2166724]
 [2167140]
 [2168012]
 [2168054]
 [2168682]
 [2168888]
 [2169320]
 [2169643]
 [2170980]
 [2172065]
 [2172978]
 [2173073]
 [2173075]
 [2173174]
 [2175470]
 [2175822]
 [2175892]
 [2176036]
 [2191478]
 [2192357]
 [2197350]
 [2197409]
 [2204621]
 [2204625]
 [2209436]
 [2209525]
 [2209541]
 [2209612]
 [2209890]
 [2210272]
 [2210437]
 [2210442]
 [2212758]
 [2212762]
 [2212770]
 [2222357]
 [2222389]
 [2222549]
 [2223252]
 [2231704]
 [2231728]
 [2231770]
 [2231773]
 [2232006]
 [2232028]
 [2232045]
 [2232114]
 [2232308]
 [2233646]
 [2260960]
 [2261921]
 [2261933]
 [2261947]
 [2262942]
 [2263370]
 [2263416]
 [2263575]
 [2263702]
 [2267735]
 [2268984]
 [2268995]
 [2269159]
 [2269171]
 [2269494]
 [2269603]
 [2270118]
 [2270226]
 [2271018]
 [2273842]
 [2274125]
 [2274140]
 [2274740]
 [2274746]
 [2276505]
 [2276540]
 [2276846]
 [2276886]
 [2282214]
 [2282247]
 [2284221]
 [2284584]
 [2284602]
 [2284612]
 [2285435]
 [2285445]
 [2287118]
 [2291188]
 [2291851]
 [2292551]
 [2309578]
 [2309711]
 [2309975]
 [2309985]
 [2312103]
 [2314903]
 [2315279]
 [2322561]
 [2327697]
 [2327699]
 [2328108]
 [2328611]
 [2329242]
 [2331012]
 [2331334]
 [2331437]
 [2333314]
 [2349716]
 [2349857]
 [2349893]
 [2349898]
 [2351178]
 [2351547]
 [2353138]
 [2381739]
 [2384747]
 [2390359]
 [2390905]
 [2395483]
 [2396983]
 [2397695]
 [2398326]
 [2398511]
 [2398582]
 [2399071]
 [2406830]
 [2406899]
 [2407699]
 [2414427]
 [2415235]
 [2415256]
 [2416580]
 [2433100]
 [2452303]
 [2453245]
 [2453795]
 [2453825]
 [2453846]
 [2456058]
 [2456161]
 [2456386]
 [2456407]
 [2458010]
 [2458092]
 [2466715]
 [2467065]
 [2475407]
 [2475410]
 [2475790]
 [2476950]
 [2477271]
 [2479022]
 [2479521]
 [2519418]
 [2533089]
 [2534595]
 [2535525]
 [2539691]
 [2542431]
 [2545397]
 [2545750]
 [2545752]
 [2563286]
 [2587441]
 [2587794]
 [2609313]
 [2609835]
 [2669448]
 [2669798]
 [2670100]
 [2670114]
 [2671166]
 [2725850]
 [2725853]
 [2812973]
 [2813217]
 [3182474]
 [3303141]
 [3303722]
 [3312436]
 [3338949]
 [3351898]
 [3351901]
 [3353784]
 [3393804]
 [3462072]
 [3471370]
 [3471377]
 [3472906]
 [3472913]
 [3475237]
 [3478384]
 [3480418]
 [3485578]
 [3511992]
 [3516451]
 [3530760]
 [3530774]
 [3530976]
 [3531212]
 [3531228]
 [3531402]
 [3531820]
 [3532338]
 [3533146]
 [3533149]
 [3533158]
 [3533188]
 [3533812]
 [3540172]
 [3575530]
 [3626370]
 [3634613]
 [3634790]
 [3634850]
 [3635093]
 [3635139]
 [3635176]
 [3635306]
 [3635730]
 [3635846]
 [3642762]
 [3644352]
 [3645591]
 [3647106]
 [3647268]
 [3648040]
 [3655752]
 [3655770]
 [3655773]
 [3657074]
 [3658586]
 [3658589]
 [3658596]
 [3660852]
 [3661275]
 [3661923]
 [3663777]
 [3665220]
 [3665330]
 [3666795]
 [3666994]
 [3667066]
 [3667320]
 [3668730]
 [3671696]
 [3671737]
 [3698112]
 [3698120]
 [3699556]
 [3699568]
 [3699685]
 [3704632]
 [3705260]
 [3705288]
 [3707965]
 [3708759]
 [3719966]
 [3720119]
 [3720137]
 [3720516]
 [3722158]
 [3722209]
 [3728534]
 [3728730]
 [3728733]
 [3729561]
 [3730124]
 [3765057]
 [3766122]
 [3766216]
 [3766338]
 [3766402]
 [3766806]
 [3815093]
 [3817030]
 [3819472]
 [3819797]
 [3819829]
 [3820338]
 [3820405]
 [3820418]
 [3823459]
 [3826205]
 [3826805]
 [3826811]
 [3826813]
 [3828714]
 [3828869]
 [3829228]
 [3829305]
 [3829311]
 [3829561]
 [3829609]
 [3829681]
 [3829706]
 [3829956]
 [3830301]
 [3830834]
 [3837290]
 [3837384]
 [3837624]
 [3838721]
 [3841604]
 [3841612]
 [3841668]
 [3841940]
 [3842164]
 [3842178]
 [3842250]
 [3842915]
 [3850976]
 [3851056]
 [3851271]
 [3851292]
 [3851953]
 [3851978]
 [3852888]
 [3854234]
 [3854242]
 [3855402]
 [3855584]
 [3855636]
 [3856662]
 [3856889]
 [3857145]
 [3859612]
 [3861321]
 [3861414]
 [3861419]
 [3862723]
 [3863028]
 [3863163]
 [3863678]
 [3864975]
 [3865095]
 [3897486]
 [3897522]
 [3897609]
 [3898085]
 [3900685]
 [3902639]
 [3906396]
 [3919671]
 [3919677]
 [3927806]
 [3927880]
 [3927988]
 [3927994]
 [3928069]
 [3928196]
 [3928699]
 [3929360]
 [3929658]
 [3929665]
 [3933796]
 [3937580]
 [3950041]
 [3950790]
 [3950853]
 [3950913]
 [3953332]
 [3953338]
 [3954072]
 [3954348]
 [3965452]
 [3967064]
 [3967473]
 [3967504]
 [3967588]
 [3967803]
 [3968006]
 [3968049]
 [3968134]
 [3968204]
 [3968216]
 [3968281]
 [3968532]
 [3968546]
 [3970100]
 [4019472]
 [4023768]
 [4024137]
 [4024142]
 [4024261]
 [4024356]
 [4028149]
 [4032102]
 [4033702]
 [4033733]
 [4033822]
 [4034081]
 [4034275]
 [4034531]
 [4034654]
 [4034748]
 [4034849]
 [4034853]
 [4035854]
 [4042358]
 [4042385]
 [4042387]
 [4042566]
 [4042590]
 [4042679]
 [4042868]
 [4042885]
 [4042914]
 [4043976]
 [4044025]
 [4046796]
 [4047176]
 [4047608]
 [4048428]
 [4048491]
 [4048585]
 [4057174]
 [4057299]
 [4058931]
 [4061644]
 [4062070]
 [4062994]
 [4064243]
 [4065318]
 [4065986]
 [4066091]
 [4073145]
 [4073220]
 [4074401]
 [4105866]
 [4105876]
 [4116050]
 [4137991]
 [4138013]
 [4138130]
 [4139822]
 [4140600]
 [4140788]
 [4143884]
 [4144243]
 [4144444]
 [4144589]
 [4144593]
 [4144773]
 [4145189]
 [4148113]
 [4148115]
 [4163174]
 [4164830]
 [4165657]
 [4165731]
 [4167750]
 [4177522]
 [4177531]
 [4177586]
 [4177595]
 [4179289]
 [4179755]
 [4180283]
 [4180331]
 [4180397]
 [4180600]
 [4180917]
 [4183668]
 [4192286]
 [4193679]
 [4239454]
 [4246711]
 [4247735]
 [4249269]
 [4249550]
 [4250497]
 [4251843]
 [4253272]
 [4253340]
 [4257435]
 [4263286]
 [4264018]
 [4264145]
 [4264167]
 [4276073]
 [4277130]
 [4278524]
 [4278712]
 [4278757]
 [4278930]
 [4280353]
 [4282775]
 [4285733]
 [4285846]
 [4292371]
 [4293776]
 [4294371]
 [4294702]
 [4294787]
 [4295978]
 [4296136]
 [4323867]
 [4325508]
 [4325529]
 [4325532]
 [4359649]
 [4362307]
 [4362354]
 [4362360]
 [4363261]
 [4365477]
 [4366935]
 [4366945]
 [4369794]
 [4400722]
 [4401079]
 [4466349]
 [4476871]
 [4480811]
 [4503727]
 [4505292]
 [4505529]
 [4505942]
 [4523511]
 [4525777]
 [4599882]
 [4600105]
 [4603654]
 [4622889]
 [4638086]
 [4720523]
 [4720539]
 [4745632]
 [4745690]
 [4745693]
 [4746306]
 [4746906]
 [4748738]
 [4766518]
 [4767915]
 [4845954]
 [4845957]
 [4845966]
 [4901479]
